1 0 3995
2 3995 3997
3 7992 4222
4 12214 16823
5 29037 12327
6 41364 14342
7 55706 8869
8 64575 8076
9 72651 4807
10 77458 11425
11 88883 3405
12 92288 5004
13 97292 4584
14 101876 4188
15 106064 5560
16 111624 3451
17 115075 4294
18 119369 4076
19 123445 6569
20 130014 3805
21 133819 5531
22 139350 3424
23 142774 4504
24 147278 24367
25 171645 2034
26 173679 4969
27 178648 4951
28 183599 5054
29 188653 4191
30 192844 3988
31 196832 3346
32 200178 23997
33 224175 1976
34 226151 5351
35 231502 15735
36 247237 10359
37 257596 1877
38 259473 5109
39 264582 5652
40 270234 3258
41 273492 6458
42 279950 7347
43 287297 5314
44 292611 6605
45 299216 3932
46 303148 6331
47 309479 5022
48 314501 6903
49 321404 4233
50 325637 8220
51 333857 5037
52 338894 4540
53 343434 34052
54 377486 1959
55 379445 4437
56 383882 4165
57 388047 2266
58 390313 21474
59 411787 5181
60 416968 4799
61 421767 4381
62 426148 2206
63 428354 4533
64 432887 4298
65 437185 4336
66 441521 22548
67 464069 4709
68 468778 3923
69 472701 5094
70 477795 2141
71 479936 4584
72 484520 5418
73 489938 5547
74 495485 5167
75 500652 5603
76 506255 6213
77 512468 3475
78 515943 5246
79 521189 4747
80 525936 4826
81 530762 3788
82 534550 6850
83 541400 4834
84 546234 4472
85 550706 2296
86 553002 25040
87 578042 4779
88 582821 5084
89 587905 9497
90 597402 10302
91 607704 4182
92 611886 4333
93 616219 3928
94 620147 5931
95 626078 24235
96 650313 2330
97 652643 5154
98 657797 5167
99 662964 5469
100 668433 3987
101 672420 3874
102 676294 4621
103 680915 4900
104 685815 19095
105 704910 2338
106 707248 4719
107 711967 8030
108 719997 7917
109 727914 2853
110 730767 5070
111 735837 7576
112 743413 5102
113 748515 5884
114 754399 6223
115 760622 3873
116 764495 7690
117 772185 4741
118 776926 4493
119 781419 3625
120 785044 7432
121 792476 5073
122 797549 5081
123 802630 23898
124 826528 2316
125 828844 3823
126 832667 6750
127 839417 4751
128 844168 4974
129 849142 3498
130 852640 15594
131 868234 4808
132 873042 4031
133 877073 4098
134 881171 2157
135 883328 4605
136 887933 9070
137 897003 4150
138 901153 4597
139 905750 3022
140 908772 9021
141 917793 8261
142 926054 2371
143 928425 3779
144 932204 5227
145 937431 5201
146 942632 4903
147 947535 19075
148 966610 4773
149 971383 2726
150 974109 5206
151 979315 2805
152 982120 11015
153 993135 4476
154 997611 5715
155 1003326 4320
156 1007646 6034
157 1013680 4816
158 1018496 4314
159 1022810 3942
160 1026752 5467
161 1032219 4745
162 1036964 5734
163 1042698 22476
164 1065174 2544
165 1067718 4496
166 1072214 4387
167 1076601 5275
168 1081876 2584
169 1084460 4377
170 1088837 3722
171 1092559 4352
172 1096911 6254
173 1103165 27016
174 1130181 2533
175 1132714 5347
176 1138061 199
177 1138260 182
178 1138442 5170
179 1143612 16054
180 1159666 2175
181 1161841 2540
182 1164381 4108
183 1168489 3190
184 1171679 4199
185 1175878 3622
186 1179500 10437
187 1189937 13146
188 1203083 4805
189 1207888 5750
190 1213638 7628
191 1221266 7851
192 1229117 5381
193 1234498 7498
194 1241996 4511
195 1246507 3540
196 1250047 4470
197 1254517 6727
198 1261244 4963
199 1266207 32161
200 1298368 2268
201 1300636 13210
202 1313846 11108
203 1324954 7214
204 1332168 3637
205 1335805 12620
206 1348425 4461
207 1352886 2955
208 1355841 8502
209 1364343 2724
210 1367067 3300
211 1370367 2295
212 1372662 4459
213 1377121 16517
214 1393638 2341
215 1395979 4312
216 1400291 7327
217 1407618 4372
218 1411990 1985
219 1413975 5658
220 1419633 21929
221 1441562 2334
222 1443896 1959
223 1445855 2476
224 1448331 2845
225 1451176 18703
226 1469879 4331
227 1474210 6591
228 1480801 9951
229 1490752 4694
230 1495446 4514
231 1499960 3860
232 1503820 1957
233 1505777 6815
234 1512592 2767
235 1515359 5095
236 1520454 7249
237 1527703 3653
238 1531356 4928
239 1536284 7088
240 1543372 4678
241 1548050 5749
242 1553799 4426
243 1558225 2235
244 1560460 22686
245 1583146 4674
246 1587820 3849
247 1591669 13556
248 1605225 2101
249 1607326 2191
250 1609517 3029
251 1612546 1755
252 1614301 19697
253 1633998 4525
254 1638523 3836
255 1642359 4787
256 1647146 2521
257 1649667 2287
258 1651954 2994
259 1654948 2422
260 1657370 3017
261 1660387 23019
262 1683406 4548
263 1687954 7366
264 1695320 2292
265 1697612 4113
266 1701725 2023
267 1703748 2070
268 1705818 3847
269 1709665 6201
270 1715866 5896
271 1721762 4434
272 1726196 4792
273 1730988 5376
274 1736364 3907
275 1740271 4607
276 1744878 24794
277 1769672 2289
278 1771961 4163
279 1776124 4163
280 1780287 4677
281 1784964 2706
282 1787670 2289
283 1789959 2479
284 1792438 2913
285 1795351 16877
286 1812228 4524
287 1816752 4527
288 1821279 2146
289 1823425 8402
290 1831827 2449
291 1834276 2933
292 1837209 2847
293 1840056 2907
294 1842963 20729
295 1863692 5478
296 1869170 4213
297 1873383 10969
298 1884352 2332
299 1886684 4586
300 1891270 2918
301 1894188 5272
302 1899460 4099
303 1903559 6669
304 1910228 6877
305 1917105 4267
306 1921372 3219
307 1924591 4828
308 1929419 2002
309 1931421 5170
310 1936591 2244
311 1938835 4035
312 1942870 4304
313 1947174 209
314 1947383 2464
315 1949847 15654
316 1965501 2305
317 1967806 3201
318 1971007 4253
319 1975260 2744
320 1978004 2539
321 1980543 21514
322 2002057 4221
323 2006278 16589
324 2022867 4078
325 2026945 2304
326 2029249 4296
327 2033545 17191
328 2050736 4643
329 2055379 2144
330 2057523 9827
331 2067350 5305
332 2072655 5610
333 2078265 4297
334 2082562 9044
335 2091606 5653
336 2097259 5215
337 2102474 7149
338 2109623 6884
339 2116507 6695
340 2123202 5246
341 2128448 29561
342 2158009 3336
343 2161345 3982
344 2165327 5563
345 2170890 7669
346 2178559 1985
347 2180544 2363
348 2182907 3064
349 2185971 4433
350 2190404 3088
351 2193492 2707
352 2196199 3861
353 2200060 2978
354 2203038 21311
355 2224349 5762
356 2230111 7471
357 2237582 4222
358 2241804 4700
359 2246504 1993
360 2248497 6254
361 2254751 2923
362 2257674 2532
363 2260206 2269
364 2262475 3133
365 2265608 13918
366 2279526 4277
367 2283803 4708
368 2288511 1881
369 2290392 4549
370 2294941 5680
371 2300621 2334
372 2302955 2482
373 2305437 4686
374 2310123 9188
375 2319311 7570
376 2326881 4208
377 2331089 5334
378 2336423 3053
379 2339476 16020
380 2355496 5041
381 2360537 6079
382 2366616 4418
383 2371034 2320
384 2373354 2742
385 2376096 2066
386 2378162 2918
387 2381080 2530
388 2383610 13058
389 2396668 4780
390 2401448 4879
391 2406327 7358
392 2413685 2084
393 2415769 6249
394 2422018 12425
395 2434443 5937
396 2440380 5306
397 2445686 7449
398 2453135 2301
399 2455436 3216
400 2458652 2524
401 2461176 2789
402 2463965 17573
403 2481538 4139
404 2485677 5296
405 2490973 2403
406 2493376 2385
407 2495761 6510
408 2502271 7264
409 2509535 4697
410 2514232 3682
411 2517914 1920
412 2519834 4106
413 2523940 4548
414 2528488 2746
415 2531234 4426
416 2535660 5208
417 2540868 2211
418 2543079 22294
419 2565373 4016
420 2569389 4158
421 2573547 2503
422 2576050 17063
423 2593113 5113
424 2598226 3372
425 2601598 2222
426 2603820 2579
427 2606399 3577
428 2609976 14626
429 2624602 3865
430 2628467 12988
431 2641455 4657
432 2646112 3475
433 2649587 2162
434 2651749 5355
435 2657104 1993
436 2659097 2519
437 2661616 3123
438 2664739 15000
439 2679739 3776
440 2683515 4660
441 2688175 3591
442 2691766 2532
443 2694298 2830
444 2697128 4709
445 2701837 8312
446 2710149 6761
447 2716910 9473
448 2726383 3599
449 2729982 3822
450 2733804 3985
451 2737789 2297
452 2740086 7748
453 2747834 21640
454 2769474 9836
455 2779310 7085
456 2786395 5223
457 2791618 5232
458 2796850 6083
459 2802933 5957
460 2808890 6029
461 2814919 3617
462 2818536 4392
463 2822928 4792
464 2827720 4739
465 2832459 5074
466 2837533 4803
467 2842336 2527
468 2844863 2329
469 2847192 4728
470 2851920 21945
471 2873865 1484
472 2875349 3689
473 2879038 2008
474 2881046 3224
475 2884270 2869
476 2887139 7585
477 2894724 418
478 2895142 520
479 2895662 11268
480 2906930 4499
481 2911429 3684
482 2915113 9034
483 2924147 3415
484 2927562 2059
485 2929621 2009
486 2931630 7139
487 2938769 6472
488 2945241 3698
489 2948939 2254
490 2951193 14977
491 2966170 6422
492 2972592 1336
493 2973928 1983
494 2975911 2945
495 2978856 2592
496 2981448 2144
497 2983592 1596
498 2985188 748
499 2985936 1398
500 2987334 742
501 2988076 394
502 2988470 3995
503 2992465 3932
504 2996397 3070
505 2999467 4172
506 3003639 7615
507 3011254 5445
508 3016699 1363
509 3018062 5334
510 3023396 1180
511 3024576 936
512 3025512 1866
513 3027378 2427
514 3029805 5504
515 3035309 2518
516 3037827 8108
517 3045935 2478
518 3048413 923
519 3049336 854
520 3050190 1650
521 3051840 2246
522 3054086 7294
523 3061380 1648
524 3063028 4776
525 3067804 2464
526 3070268 3645
527 3073913 2700
528 3076613 6976
529 3083589 2311
530 3085900 3030
531 3088930 4612
532 3093542 2892
533 3096434 1913
534 3098347 1282
535 3099629 4745
536 3104374 1642
537 3106016 1011
538 3107027 1808
539 3108835 4617
540 3113452 1681
541 3115133 2693
542 3117826 1885
543 3119711 2642
544 3122353 9098
545 3131451 3559
546 3135010 6166
547 3141176 3377
548 3144553 2964
549 3147517 7890
550 3155407 1742
551 3157149 2209
552 3159358 1655
553 3161013 971
554 3161984 2396
555 3164380 1687
556 3166067 1789
557 3167856 15087
558 3182943 7395
559 3190338 3151
560 3193489 1683
561 3195172 1419
562 3196591 7696
563 3204287 2000
564 3206287 2122
565 3208409 1792
566 3210201 1694
567 3211895 2085
568 3213980 1165
569 3215145 1956
570 3217101 1562
571 3218663 2561
572 3221224 2008
573 3223232 3753
574 3226985 943
575 3227928 1208
576 3229136 1927
577 3231063 1439
578 3232502 3812
579 3236314 5719
580 3242033 2241
581 3244274 2903
582 3247177 1505
583 3248682 5751
584 3254433 2659
585 3257092 1288
586 3258380 1335
587 3259715 7956
588 3267671 1713
589 3269384 2831
590 3272215 1243
591 3273458 1431
592 3274889 5125
593 3280014 3042
594 3283056 1297
595 3284353 2789
596 3287142 1444
597 3288586 930
598 3289516 2776
599 3292292 1495
600 3293787 908
601 3294695 3001
602 3297696 1223
603 3298919 8780
604 3307699 2609
605 3310308 1625
606 3311933 2235
607 3314168 1991
608 3316159 6254
609 3322413 2079
610 3324492 1567
611 3326059 3148
612 3329207 4060
613 3333267 2684
614 3335951 2883
615 3338834 1037
616 3339871 1419
617 3341290 5506
618 3346796 1647
619 3348443 3619
620 3352062 2081
621 3354143 5809
622 3359952 6781
623 3366733 1221
624 3367954 1520
625 3369474 357
626 3369831 2199
627 3372030 1742
628 3373772 2946
629 3376718 1220
630 3377938 1960
631 3379898 922
632 3380820 1868
633 3382688 2967
634 3385655 6886
635 3392541 2661
636 3395202 1563
637 3396765 1768
638 3398533 1705
639 3400238 960
640 3401198 8959
641 3410157 5610
642 3415767 5668
643 3421435 5485
644 3426920 6742
645 3433662 2073
646 3435735 19456
647 3455191 7680
648 3462871 1819
649 3464690 1237
650 3465927 3035
651 3468962 2692
652 3471654 4174
653 3475828 1412
654 3477240 594
655 3477834 6571
656 3484405 2415
657 3486820 1828
658 3488648 3346
659 3491994 1888
660 3493882 13758
661 3507640 541
662 3508181 1639
663 3509820 3030
664 3512850 2367
665 3515217 2831
666 3518048 18373
667 3536421 1975
668 3538396 3140
669 3541536 2457
670 3543993 7793
671 3551786 2670
672 3554456 2021
673 3556477 6224
674 3562701 4252
675 3566953 4372
676 3571325 3841
677 3575166 6894
678 3582060 3611
679 3585671 3291
680 3588962 4631
681 3593593 5273
682 3598866 4450
683 3603316 3426
684 3606742 4128
685 3610870 1146
686 3612016 7954
687 3619970 4578
688 3624548 4396
689 3628944 4381
690 3633325 4093
691 3637418 5571
692 3642989 7805
693 3650794 2353
694 3653147 2134
695 3655281 2957
696 3658238 2951
697 3661189 4621
698 3665810 5436
699 3671246 3175
700 3674421 4095
701 3678516 5467
702 3683983 4689
703 3688672 5125
704 3693797 2497
705 3696294 2735
706 3699029 2975
707 3702004 8269
708 3710273 1235
709 3711508 777
710 3712285 210
711 3712495 4155
712 3716650 3351
713 3720001 1551
714 3721552 9956
715 3731508 3075
716 3734583 8762
717 3743345 3970
718 3747315 5252
719 3752567 4939
720 3757506 8591
721 3766097 4804
722 3770901 3927
723 3774828 528
724 3775356 4693
725 3780049 4401
726 3784450 3821
727 3788271 5832
728 3794103 7224
729 3801327 6476
730 3807803 2580
731 3810383 3367
732 3813750 974
733 3814724 22918
734 3837642 18588
735 3856230 2590
736 3858820 8484
737 3867304 1653
738 3868957 2401
739 3871358 7143
740 3878501 3346
741 3881847 11021
742 3892868 2882
743 3895750 3518
744 3899268 3229
745 3902497 4843
746 3907340 7272
747 3914612 6910
748 3921522 6199
749 3927721 1081
750 3928802 2792
751 3931594 3453
752 3935047 1053
753 3936100 2444
754 3938544 1560
755 3940104 6351
756 3946455 13632
757 3960087 2104
758 3962191 12960
759 3975151 6477
760 3981628 2885
761 3984513 5039
762 3989552 1970
763 3991522 9052
764 4000574 6571
765 4007145 2487
766 4009632 6453
767 4016085 1620
768 4017705 217
769 4017922 2817
770 4020739 944
771 4021683 1121
772 4022804 15574
773 4038378 6429
774 4044807 13960
775 4058767 733
776 4059500 2766
777 4062266 2048
778 4064314 2605
779 4066919 2781
780 4069700 1774
781 4071474 20060
782 4091534 9035
783 4100569 3568
784 4104137 3550
785 4107687 3391
786 4111078 2099
787 4113177 3358
788 4116535 426
789 4116961 2543
790 4119504 2905
791 4122409 13926
792 4136335 1803
793 4138138 4104
794 4142242 2756
795 4144998 2965
796 4147963 925
797 4148888 684
798 4149572 20146
799 4169718 3842
800 4173560 226
801 4173786 28632
802 4202418 7397
803 4209815 9327
804 4219142 30308
805 4249450 19679
806 4269129 946
807 4270075 612
808 4270687 2320
809 4273007 1610
810 4274617 4961
811 4279578 3311
812 4282889 4044
813 4286933 2496
814 4289429 4587
815 4294016 1999
816 4296015 665
817 4296680 417
818 4297097 9915
819 4307012 2296
820 4309308 30448
821 4339756 3538
822 4343294 927
823 4344221 3119
824 4347340 326
825 4347666 19027
826 4366693 1298
827 4367991 2175
828 4370166 2604
829 4372770 2546
830 4375316 1240
831 4376556 8995
832 4385551 3643
833 4389194 2141
834 4391335 22091
835 4413426 848
836 4414274 391
837 4414665 1147
838 4415812 3840
839 4419652 3534
840 4423186 3246
841 4426432 1573
842 4428005 1342
843 4429347 2012
844 4431359 2153
845 4433512 1279
846 4434791 1309
847 4436100 3891
848 4439991 548
849 4440539 6466
850 4447005 2570
851 4449575 3668
852 4453243 816
853 4454059 1267
854 4455326 2413
855 4457739 685
856 4458424 784
857 4459208 5013
858 4464221 3236
859 4467457 3739
860 4471196 4252
861 4475448 3609
862 4479057 14609
863 4493666 3056
864 4496722 4824
865 4501546 4107
866 4505653 2625
867 4508278 2728
868 4511006 3574
869 4514580 3472
870 4518052 4002
871 4522054 1256
872 4523310 4176
873 4527486 3678
874 4531164 4323
875 4535487 3797
876 4539284 4375
877 4543659 3072
878 4546731 1692
879 4548423 4307
880 4552730 3739
881 4556469 3181
882 4559650 4000
883 4563650 4162
884 4567812 3546
885 4571358 3646
886 4575004 3808
887 4578812 4007
888 4582819 4313
889 4587132 10514
890 4597646 3766
891 4601412 4722
892 4606134 3506
893 4609640 4024
894 4613664 4779
895 4618443 4188
896 4622631 3954
897 4626585 3481
898 4630066 2848
899 4632914 3093
900 4636007 3135
901 4639142 4064
902 4643206 3270
903 4646476 19359
904 4665835 4357
905 4670192 3410
906 4673602 1556
907 4675158 3456
908 4678614 3518
909 4682132 19544
910 4701676 4676
911 4706352 1513
912 4707865 3416
913 4711281 4149
914 4715430 1229
915 4716659 5448
916 4722107 3778
917 4725885 5068
918 4730953 3174
919 4734127 3292
920 4737419 3641
921 4741060 3733
922 4744793 3483
923 4748276 2739
924 4751015 3241
925 4754256 3649
926 4757905 3553
927 4761458 18942
928 4780400 4519
929 4784919 3784
930 4788703 3624
931 4792327 1597
932 4793924 4332
933 4798256 1241
934 4799497 935
935 4800432 2963
936 4803395 4074
937 4807469 3552
938 4811021 2851
939 4813872 2615
940 4816487 4225
941 4820712 3830
942 4824542 4825
943 4829367 3332
944 4832699 4818
945 4837517 3318
946 4840835 3278
947 4844113 3650
948 4847763 3759
949 4851522 1654
950 4853176 2704
951 4855880 2685
952 4858565 517
953 4859082 4153
954 4863235 6075
955 4869310 1741
956 4871051 3596
957 4874647 2458
958 4877105 6026
959 4883131 5783
960 4888914 7769
961 4896683 4942
962 4901625 1276
963 4902901 2036
964 4904937 3497
965 4908434 609
966 4909043 4062
967 4913105 2913
968 4916018 2856
969 4918874 3508
970 4922382 5615
971 4927997 4650
972 4932647 5097
973 4937744 2710
974 4940454 9171
975 4949625 9409
976 4959034 5551
977 4964585 2026
978 4966611 7358
979 4973969 1997
980 4975966 3491
981 4979457 3737
982 4983194 2611
983 4985805 8369
984 4994174 1311
985 4995485 1887
986 4997372 3091
987 5000463 4563
988 5005026 2028
989 5007054 1204
990 5008258 1224
991 5009482 5292
992 5014774 2786
993 5017560 4019
994 5021579 1141
995 5022720 2027
996 5024747 2149
997 5026896 1342
998 5028238 2897
999 5031135 1589
1000 5032724 7325
1001 5040049 5302
1002 5045351 743
1003 5046094 538
1004 5046632 867
1005 5047499 678
1006 5048177 539
1007 5048716 577
1008 5049293 1347
1009 5050640 3530
1010 5054170 3745
1011 5057915 518
1012 5058433 2091
1013 5060524 3402
1014 5063926 6256
1015 5070182 3274
1016 5073456 5330
1017 5078786 3016
1018 5081802 3817
1019 5085619 3296
1020 5088915 3045
1021 5091960 2107
1022 5094067 1941
1023 5096008 3204
1024 5099212 3783
1025 5102995 217
1026 5103212 1948
1027 5105160 2178
1028 5107338 3815
1029 5111153 3806
1030 5114959 3628
1031 5118587 11158
1032 5129745 10081
1033 5139826 2057
1034 5141883 3454
1035 5145337 1523
1036 5146860 1464
1037 5148324 2359
1038 5150683 1956
1039 5152639 3108
1040 5155747 2767
1041 5158514 1925
1042 5160439 2394
1043 5162833 1598
1044 5164431 3086
1045 5167517 1187
1046 5168704 592
1047 5169296 1578
1048 5170874 1649
1049 5172523 1575
1050 5174098 8829
1051 5182927 4444
1052 5187371 2935
1053 5190306 618
1054 5190924 7700
1055 5198624 12565
1056 5211189 2538
1057 5213727 3914
1058 5217641 16218
1059 5233859 6324
1060 5240183 2635
1061 5242818 314
1062 5243132 2364
1063 5245496 3871
1064 5249367 2833
1065 5252200 13576
1066 5265776 7947
1067 5273723 1924
1068 5275647 2795
1069 5278442 1946
1070 5280388 3486
1071 5283874 2231
1072 5286105 3073
1073 5289178 2006
1074 5291184 1844
1075 5293028 2206
1076 5295234 2952
1077 5298186 2872
1078 5301058 1945
1079 5303003 2230
1080 5305233 1843
1081 5307076 2619
1082 5309695 3336
1083 5313031 1926
1084 5314957 1789
1085 5316746 2101
1086 5318847 4517
1087 5323364 3913
1088 5327277 3815
1089 5331092 2467
1090 5333559 2582
1091 5336141 2347
1092 5338488 2388
1093 5340876 4517
1094 5345393 329
1095 5345722 5880
1096 5351602 3913
1097 5355515 3815
1098 5359330 9969
1099 5369299 2823
1100 5372122 975
1101 5373097 4439
1102 5377536 7187
1103 5384723 314
1104 5385037 3214
1105 5388251 2687
1106 5390938 2394
1107 5393332 2613
1108 5395945 3584
1109 5399529 4369
1110 5403898 2626
1111 5406524 5007
1112 5411531 2765
1113 5414296 8243
1114 5422539 2768
1115 5425307 6303
1116 5431610 2462
1117 5434072 1235
1118 5435307 17856
1119 5453163 9889
1120 5463052 2976
1121 5466028 3259
1122 5469287 5903
1123 5475190 3498
1124 5478688 1957
1125 5480645 3095
1126 5483740 4510
1127 5488250 4391
1128 5492641 3735
1129 5496376 3007
1130 5499383 24591
1131 5523974 11348
1132 5535322 16340
1133 5551662 30743
1134 5582405 3801
1135 5586206 423
1136 5586629 433
1137 5587062 449
1138 5587511 493
1139 5588004 463
1140 5588467 471
1141 5588938 531
1142 5589469 509
1143 5589978 477
1144 5590455 461
1145 5590916 529
1146 5591445 476
1147 5591921 3167
1148 5595088 2115
1149 5597203 10198
1150 5607401 1131
1151 5608532 1347
1152 5609879 5186
1153 5615065 2537
1154 5617602 6659
1155 5624261 7830
1156 5632091 1422
1157 5633513 1776
1158 5635289 2250
1159 5637539 1962
1160 5639501 2106
1161 5641607 6053
1162 5647660 1461
1163 5649121 3182
1164 5652303 6319
1165 5658622 1988
1166 5660610 2396
1167 5663006 2613
1168 5665619 2617
1169 5668236 3607
1170 5671843 1417
1171 5673260 8500
1172 5681760 3914
1173 5685674 1484
1174 5687158 10450
1175 5697608 4104
1176 5701712 7207
1177 5708919 10040
1178 5718959 3364
1179 5722323 6500
1180 5728823 4377
1181 5733200 4666
1182 5737866 2998
1183 5740864 1325
1184 5742189 3078
1185 5745267 1961
1186 5747228 1674
1187 5748902 1720
1188 5750622 3358
1189 5753980 2069
1190 5756049 2134
1191 5758183 988
1192 5759171 1898
1193 5761069 3962
1194 5765031 2203
1195 5767234 5403
1196 5772637 1749
1197 5774386 1901
1198 5776287 2549
1199 5778836 2199
1200 5781035 2384
1201 5783419 2191
1202 5785610 1798
1203 5787408 2388
1204 5789796 6023
1205 5795819 4959
1206 5800778 1633
1207 5802411 13680
1208 5816091 5377
1209 5821468 981
1210 5822449 14510
1211 5836959 1859
1212 5838818 1610
1213 5840428 1100
1214 5841528 1522
1215 5843050 1769
1216 5844819 6083
1217 5850902 2993
1218 5853895 3083
1219 5856978 2391
1220 5859369 1959
1221 5861328 2855
1222 5864183 5408
1223 5869591 15397
1224 5884988 7244
1225 5892232 3360
1226 5895592 3239
1227 5898831 2545
1228 5901376 2965
1229 5904341 1347
1230 5905688 2302
1231 5907990 5278
1232 5913268 1616
1233 5914884 1301
1234 5916185 1709
1235 5917894 1995
1236 5919889 2069
1237 5921958 2608
1238 5924566 2033
1239 5926599 1500
1240 5928099 1494
1241 5929593 1399
1242 5930992 2495
1243 5933487 3142
1244 5936629 5175
1245 5941804 5566
1246 5947370 4700
1247 5952070 5537
1248 5957607 3883
1249 5961490 6081
1250 5967571 2464
1251 5970035 4436
1252 5974471 973
1253 5975444 790
1254 5976234 4174
1255 5980408 2671
1256 5983079 2960
1257 5986039 1254
1258 5987293 1947
1259 5989240 2320
1260 5991560 2738
1261 5994298 2306
1262 5996604 1293
1263 5997897 4701
1264 6002598 4582
1265 6007180 3579
1266 6010759 3132
1267 6013891 4106
1268 6017997 4505
1269 6022502 2775
1270 6025277 3823
1271 6029100 2310
1272 6031410 1741
1273 6033151 2299
1274 6035450 20500
1275 6055950 3312
1276 6059262 4084
1277 6063346 8734
1278 6072080 2678
1279 6074758 5317
1280 6080075 5349
1281 6085424 3689
1282 6089113 4170
1283 6093283 5932
1284 6099215 3029
1285 6102244 5462
1286 6107706 1738
1287 6109444 2621
1288 6112065 5032
1289 6117097 4789
1290 6121886 3312
1291 6125198 5420
1292 6130618 5491
1293 6136109 4278
1294 6140387 2538
1295 6142925 4412
1296 6147337 7400
1297 6154737 185
1298 6154922 4731
1299 6159653 170
1300 6159823 902
1301 6160725 793
1302 6161518 2234
1303 6163752 1779
1304 6165531 937
1305 6166468 1839
1306 6168307 12137
1307 6180444 1881
1308 6182325 6888
1309 6189213 9981
1310 6199194 1116
1311 6200310 9945
1312 6210255 3380
1313 6213635 1402
1314 6215037 3516
1315 6218553 5366
1316 6223919 4666
1317 6228585 5541
1318 6234126 3456
1319 6237582 1735
1320 6239317 781
1321 6240098 2579
1322 6242677 3940
1323 6246617 3528
1324 6250145 5169
1325 6255314 5256
1326 6260570 1314
1327 6261884 9373
1328 6271257 3288
1329 6274545 594
1330 6275139 1547
1331 6276686 3319
1332 6280005 1881
1333 6281886 3276
1334 6285162 5112
1335 6290274 2131
1336 6292405 5831
1337 6298236 2301
1338 6300537 4216
1339 6304753 4917
1340 6309670 8081
1341 6317751 11545
1342 6329296 2043
1343 6331339 3603
1344 6334942 5165
1345 6340107 5330
1346 6345437 5158
1347 6350595 6336
1348 6356931 1029
1349 6357960 7194
1350 6365154 2939
1351 6368093 9531
1352 6377624 4215
1353 6381839 6420
1354 6388259 2881
1355 6391140 1590
1356 6392730 2917
1357 6395647 3397
1358 6399044 1768
1359 6400812 5550
1360 6406362 9068
1361 6415430 183
1362 6415613 2289
1363 6417902 8416
1364 6426318 6794
1365 6433112 6456
1366 6439568 3685
1367 6443253 3378
1368 6446631 2884
1369 6449515 3410
1370 6452925 466
1371 6453391 2164
1372 6455555 3611
1373 6459166 2906
1374 6462072 2692
1375 6464764 6557
1376 6471321 9418
1377 6480739 8435
1378 6489174 10522
1379 6499696 9689
1380 6509385 7953
1381 6517338 5469
1382 6522807 6239
1383 6529046 7488
1384 6536534 3985
1385 6540519 2366
1386 6542885 1553
1387 6544438 3147
1388 6547585 3509
1389 6551094 7595
1390 6558689 6337
1391 6565026 3568
1392 6568594 4589
1393 6573183 3479
1394 6576662 5147
1395 6581809 4801
1396 6586610 1066
1397 6587676 4162
1398 6591838 3653
1399 6595491 3438
1400 6598929 4900
1401 6603829 7981
1402 6611810 2241
1403 6614051 5533
1404 6619584 6527
1405 6626111 4785
1406 6630896 2163
1407 6633059 2139
1408 6635198 1489
1409 6636687 3309
1410 6639996 4591
1411 6644587 4130
1412 6648717 6231
1413 6654948 8573
1414 6663521 1849
1415 6665370 5776
1416 6671146 7270
1417 6678416 1281
1418 6679697 3416
1419 6683113 4103
1420 6687216 1622
1421 6688838 7290
1422 6696128 2750
1423 6698878 10135
1424 6709013 4288
1425 6713301 5800
1426 6719101 810
1427 6719911 3752
1428 6723663 1971
1429 6725634 5113
1430 6730747 9798
1431 6740545 1659
1432 6742204 748
1433 6742952 733
1434 6743685 2927
1435 6746612 1877
1436 6748489 2318
1437 6750807 2899
1438 6753706 2962
1439 6756668 3014
1440 6759682 2444
1441 6762126 2475
1442 6764601 2544
1443 6767145 860
1444 6768005 1602
1445 6769607 5836
1446 6775443 2584
1447 6778027 1294
1448 6779321 2051
1449 6781372 1586
1450 6782958 2904
1451 6785862 5809
1452 6791671 1201
1453 6792872 2828
1454 6795700 1850
1455 6797550 1243
1456 6798793 1127
1457 6799920 1784
1458 6801704 5998
1459 6807702 1808
1460 6809510 3446
1461 6812956 1601
1462 6814557 619
1463 6815176 2710
1464 6817886 905
1465 6818791 5767
1466 6824558 5217
1467 6829775 1619
1468 6831394 770
1469 6832164 799
1470 6832963 2491
1471 6835454 3745
1472 6839199 3679
1473 6842878 3828
1474 6846706 3856
1475 6850562 4060
1476 6854622 3877
1477 6858499 3802
1478 6862301 3844
1479 6866145 3763
1480 6869908 3802
1481 6873710 3820
1482 6877530 3816
1483 6881346 3863
1484 6885209 3702
1485 6888911 635
1486 6889546 5826
1487 6895372 691
1488 6896063 2811
1489 6898874 2874
1490 6901748 1099
1491 6902847 1282
1492 6904129 7587
1493 6911716 1491
1494 6913207 2303
1495 6915510 2103
1496 6917613 1464
1497 6919077 990
1498 6920067 1709
1499 6921776 2629
1500 6924405 1916
1501 6926321 17047
1502 6943368 1553
1503 6944921 4854
1504 6949775 2115
1505 6951890 2826
1506 6954716 6286
1507 6961002 540
1508 6961542 4040
1509 6965582 2048
1510 6967630 1219
1511 6968849 4665
1512 6973514 860
1513 6974374 2124
1514 6976498 1902
1515 6978400 4189
1516 6982589 4702
1517 6987291 9244
1518 6996535 4137
1519 7000672 2713
1520 7003385 851
1521 7004236 816
1522 7005052 915
1523 7005967 1059
1524 7007026 6717
1525 7013743 8223
1526 7021966 3719
1527 7025685 5024
1528 7030709 3504
1529 7034213 1892
1530 7036105 995
1531 7037100 1414
1532 7038514 1173
1533 7039687 2102
1534 7041789 1302
1535 7043091 1741
1536 7044832 1811
1537 7046643 2185
1538 7048828 1807
1539 7050635 7670
1540 7058305 18358
1541 7076663 3882
1542 7080545 4414
1543 7084959 3349
1544 7088308 3552
1545 7091860 10516
1546 7102376 4068
1547 7106444 1222
1548 7107666 897
1549 7108563 1509
1550 7110072 970
1551 7111042 1978
1552 7113020 4467
1553 7117487 1635
1554 7119122 6247
1555 7125369 7703
1556 7133072 1998
1557 7135070 4008
1558 7139078 2678
1559 7141756 4776
1560 7146532 4982
1561 7151514 4790
1562 7156304 2217
1563 7158521 2106
1564 7160627 2442
1565 7163069 2588
1566 7165657 13307
1567 7178964 2266
1568 7181230 3092
1569 7184322 10166
1570 7194488 4726
1571 7199214 7006
1572 7206220 3433
1573 7209653 5884
1574 7215537 5865
1575 7221402 13741
1576 7235143 2976
1577 7238119 1630
1578 7239749 8115
1579 7247864 5698
1580 7253562 12509
1581 7266071 3822
1582 7269893 2211
1583 7272104 5474
1584 7277578 5856
1585 7283434 7934
1586 7291368 10149
1587 7301517 3609
1588 7305126 3395
1589 7308521 2191
1590 7310712 391
1591 7311103 3790
1592 7314893 2037
1593 7316930 1490
1594 7318420 7385
1595 7325805 1027
1596 7326832 951
1597 7327783 1684
1598 7329467 3285
1599 7332752 1832
1600 7334584 4068
1601 7338652 2177
1602 7340829 4034
1603 7344863 1404
1604 7346267 4927
1605 7351194 2609
1606 7353803 1760
1607 7355563 1983
1608 7357546 1492
1609 7359038 210
1610 7359248 210
1611 7359458 231
1612 7359689 222
1613 7359911 195
1614 7360106 236
1615 7360342 235
1616 7360577 235
1617 7360812 234
1618 7361046 237
1619 7361283 228
1620 7361511 210
1621 7361721 193
1622 7361914 198
1623 7362112 220
1624 7362332 217
1625 7362549 239
1626 7362788 214
1627 7363002 195
1628 7363197 201
1629 7363398 216
1630 7363614 210
1631 7363824 230
1632 7364054 231
1633 7364285 235
1634 7364520 231
1635 7364751 195
1636 7364946 223
1637 7365169 237
1638 7365406 217
1639 7365623 235
1640 7365858 210
1641 7366068 229
1642 7366297 234
1643 7366531 231
1644 7366762 238
1645 7367000 214
1646 7367214 241
1647 7367455 233
1648 7367688 236
1649 7367924 237
1650 7368161 231
1651 7368392 229
1652 7368621 224
1653 7368845 216
1654 7369061 201
1655 7369262 236
1656 7369498 228
1657 7369726 204
1658 7369930 189
1659 7370119 765
1660 7370884 3233
1661 7374117 770
1662 7374887 6220
1663 7381107 6362
1664 7387469 5740
1665 7393209 10751
1666 7403960 3796
1667 7407756 1587
1668 7409343 2152
1669 7411495 4315
1670 7415810 6388
1671 7422198 6101
1672 7428299 6082
1673 7434381 1696
1674 7436077 6475
1675 7442552 3278
1676 7445830 6713
1677 7452543 9037
1678 7461580 1428
1679 7463008 2913
1680 7465921 1778
1681 7467699 3354
1682 7471053 6016
1683 7477069 6796
1684 7483865 6306
1685 7490171 6428
1686 7496599 9703
1687 7506302 9744
1688 7516046 1184
1689 7517230 717
1690 7517947 1150
1691 7519097 3800
1692 7522897 672
1693 7523569 5530
1694 7529099 1395
1695 7530494 2784
1696 7533278 2321
1697 7535599 12221
1698 7547820 2600
1699 7550420 26089
1700 7576509 3714
1701 7580223 4039
1702 7584262 12434
1703 7596696 4405
1704 7601101 3895
1705 7604996 14655
1706 7619651 12277
1707 7631928 3679
1708 7635607 1640
1709 7637247 9106
1710 7646353 1807
1711 7648160 716
1712 7648876 3235
1713 7652111 2860
1714 7654971 5823
1715 7660794 9622
1716 7670416 4047
1717 7674463 1789
1718 7676252 4601
1719 7680853 4398
1720 7685251 4374
1721 7689625 6168
1722 7695793 1109
1723 7696902 8848
1724 7705750 7011
1725 7712761 2482
1726 7715243 1029
1727 7716272 5331
1728 7721603 751
1729 7722354 4022
1730 7726376 1313
1731 7727689 856
1732 7728545 631
1733 7729176 730
1734 7729906 12303
1735 7742209 11196
1736 7753405 2700
1737 7756105 5957
1738 7762062 8950
1739 7771012 2048
1740 7773060 7595
1741 7780655 2736
1742 7783391 19344
1743 7802735 2752
1744 7805487 2260
1745 7807747 6595
1746 7814342 4888
1747 7819230 5354
1748 7824584 929
1749 7825513 2958
1750 7828471 2549
1751 7831020 4695
1752 7835715 9646
1753 7845361 2162
1754 7847523 3027
1755 7850550 5795
1756 7856345 1932
1757 7858277 8804
1758 7867081 4502
1759 7871583 1953
1760 7873536 6291
1761 7879827 5315
1762 7885142 1865
1763 7887007 205
1764 7887212 2542
1765 7889754 7014
1766 7896768 6497
1767 7903265 8811
1768 7912076 3162
1769 7915238 1855
1770 7917093 7072
1771 7924165 3423
1772 7927588 2662
1773 7930250 11648
1774 7941898 10852
1775 7952750 9913
1776 7962663 6948
1777 7969611 8948
1778 7978559 2304
1779 7980863 531
1780 7981394 2786
1781 7984180 634
1782 7984814 6384
1783 7991198 4311
1784 7995509 2333
1785 7997842 9204
1786 8007046 6532
1787 8013578 1573
1788 8015151 7425
1789 8022576 2744
1790 8025320 4486
1791 8029806 2951
1792 8032757 6321
1793 8039078 9265
1794 8048343 2985
1795 8051328 4397
1796 8055725 3909
1797 8059634 1727
1798 8061361 6529
1799 8067890 5486
1800 8073376 5245
1801 8078621 8041
1802 8086662 1849
1803 8088511 2831
1804 8091342 8505
1805 8099847 4224
1806 8104071 3225
1807 8107296 12857
1808 8120153 4574
1809 8124727 2371
1810 8127098 2427
1811 8129525 659
1812 8130184 1376
1813 8131560 10082
1814 8141642 21761
1815 8163403 871
1816 8164274 3513
1817 8167787 3834
1818 8171621 1422
1819 8173043 1067
1820 8174110 5759
1821 8179869 1212
1822 8181081 910
1823 8181991 10820
1824 8192811 1355
1825 8194166 17725
1826 8211891 9473
1827 8221364 2843
1828 8224207 3970
1829 8228177 1355
1830 8229532 4598
1831 8234130 5955
1832 8240085 1059
1833 8241144 877
1834 8242021 2301
1835 8244322 8165
1836 8252487 3254
1837 8255741 1841
1838 8257582 529
1839 8258111 1547
1840 8259658 2275
1841 8261933 3807
1842 8265740 5933
1843 8271673 1329
1844 8273002 3167
1845 8276169 1239
1846 8277408 1313
1847 8278721 1103
1848 8279824 5535
1849 8285359 929
1850 8286288 4363
1851 8290651 342
1852 8290993 8874
1853 8299867 3589
1854 8303456 1605
1855 8305061 1337
1856 8306398 6394
1857 8312792 1249
1858 8314041 2942
1859 8316983 2655
1860 8319638 1778
1861 8321416 4109
1862 8325525 12815
1863 8338340 1473
1864 8339813 4028
1865 8343841 3578
1866 8347419 1363
1867 8348782 1086
1868 8349868 3957
1869 8353825 6871
1870 8360696 12937
1871 8373633 1582
1872 8375215 1516
1873 8376731 1451
1874 8378182 2429
1875 8380611 2156
1876 8382767 1745
1877 8384512 1762
1878 8386274 1153
1879 8387427 1634
1880 8389061 803
1881 8389864 7019
1882 8396883 8126
1883 8405009 1475
1884 8406484 1081
1885 8407565 4665
1886 8412230 2420
1887 8414650 1163
1888 8415813 6432
1889 8422245 1768
1890 8424013 7549
1891 8431562 2163
1892 8433725 6386
1893 8440111 3989
1894 8444100 1389
1895 8445489 8329
1896 8453818 6890
1897 8460708 9525
1898 8470233 3638
1899 8473871 2221
1900 8476092 3387
1901 8479479 4724
1902 8484203 1677
1903 8485880 6364
1904 8492244 3592
1905 8495836 6869
1906 8502705 10191
1907 8512896 2187
1908 8515083 3684
1909 8518767 2345
1910 8521112 3717
1911 8524829 2956
1912 8527785 3783
1913 8531568 1631
1914 8533199 10148
1915 8543347 2153
1916 8545500 4996
1917 8550496 2429
1918 8552925 1523
1919 8554448 7967
1920 8562415 4462
1921 8566877 9627
1922 8576504 6422
1923 8582926 5747
1924 8588673 2887
1925 8591560 5692
1926 8597252 10460
1927 8607712 4325
1928 8612037 6175
1929 8618212 4649
1930 8622861 2286
1931 8625147 3441
1932 8628588 8916
1933 8637504 1817
1934 8639321 5752
1935 8645073 4059
1936 8649132 4064
1937 8653196 2622
1938 8655818 378
1939 8656196 1867
1940 8658063 7414
1941 8665477 4460
1942 8669937 2440
1943 8672377 1754
1944 8674131 3098
1945 8677229 3537
1946 8680766 2803
1947 8683569 5250
1948 8688819 1187
1949 8690006 1173
1950 8691179 3125
1951 8694304 7632
1952 8701936 7665
1953 8709601 1200
1954 8710801 6047
1955 8716848 1703
1956 8718551 2340
1957 8720891 4849
1958 8725740 1734
1959 8727474 3368
1960 8730842 1938
1961 8732780 1182
1962 8733962 2652
1963 8736614 681
1964 8737295 2811
1965 8740106 5221
1966 8745327 197
1967 8745524 1667
1968 8747191 4173
1969 8751364 1262
1970 8752626 1122
1971 8753748 1629
1972 8755377 1193
1973 8756570 1673
1974 8758243 835
1975 8759078 876
1976 8759954 3838
1977 8763792 841
1978 8764633 3125
1979 8767758 7856
1980 8775614 2558
1981 8778172 1517
1982 8779689 3172
1983 8782861 1169
1984 8784030 2710
1985 8786740 2362
1986 8789102 1357
1987 8790459 1040
1988 8791499 3683
1989 8795182 3083
1990 8798265 1475
1991 8799740 8364
1992 8808104 1474
1993 8809578 2067
1994 8811645 967
1995 8812612 1677
1996 8814289 1636
1997 8815925 925
1998 8816850 2438
1999 8819288 9657
2000 8828945 3970
2001 8832915 1305
2002 8834220 5527
2003 8839747 1966
2004 8841713 2674
2005 8844387 2430
2006 8846817 1226
2007 8848043 1149
2008 8849192 6830
2009 8856022 3179
2010 8859201 2606
2011 8861807 5254
2012 8867061 1927
2013 8868988 2582
2014 8871570 4787
2015 8876357 4740
2016 8881097 4499
2017 8885596 3100
2018 8888696 7707
2019 8896403 5825
2020 8902228 3541
2021 8905769 3356
2022 8909125 2378
2023 8911503 3507
2024 8915010 2187
2025 8917197 9201
2026 8926398 5422
2027 8931820 7538
2028 8939358 5454
2029 8944812 4872
2030 8949684 8280
2031 8957964 11965
2032 8969929 6345
2033 8976274 1446
2034 8977720 1871
2035 8979591 989
2036 8980580 5313
2037 8985893 2966
2038 8988859 684
2039 8989543 4204
2040 8993747 829
2041 8994576 3162
2042 8997738 747
2043 8998485 934
2044 8999419 4242
2045 9003661 3684
2046 9007345 1289
2047 9008634 1821
2048 9010455 1162
2049 9011617 1650
2050 9013267 892
2051 9014159 2512
2052 9016671 4398
2053 9021069 4696
2054 9025765 1124
2055 9026889 2256
2056 9029145 970
2057 9030115 1986
2058 9032101 907
2059 9033008 1207
2060 9034215 1497
2061 9035712 568
2062 9036280 3979
2063 9040259 1462
2064 9041721 4825
2065 9046546 2496
2066 9049042 2080
2067 9051122 2502
2068 9053624 2253
2069 9055877 3498
2070 9059375 1686
2071 9061061 1136
2072 9062197 2620
2073 9064817 2039
2074 9066856 1909
2075 9068765 4304
2076 9073069 14610
2077 9087679 2136
2078 9089815 6599
2079 9096414 13742
2080 9110156 9073
2081 9119229 3717
2082 9122946 4618
2083 9127564 3651
2084 9131215 5683
2085 9136898 1702
2086 9138600 9107
2087 9147707 3998
2088 9151705 1903
2089 9153608 9775
2090 9163383 6498
2091 9169881 2464
2092 9172345 4540
2093 9176885 7562
2094 9184447 2097
2095 9186544 3716
2096 9190260 4324
2097 9194584 1097
2098 9195681 2225
2099 9197906 4327
2100 9202233 5471
2101 9207704 3027
2102 9210731 2759
2103 9213490 3752
2104 9217242 2134
2105 9219376 4018
2106 9223394 13149
2107 9236543 2525
2108 9239068 1929
2109 9240997 3633
2110 9244630 3876
2111 9248506 3886
2112 9252392 1907
2113 9254299 5449
2114 9259748 6887
2115 9266635 2519
2116 9269154 4593
2117 9273747 6987
2118 9280734 1514
2119 9282248 2495
2120 9284743 2684
2121 9287427 825
2122 9288252 5372
2123 9293624 280
2124 9293904 849
2125 9294753 3588
2126 9298341 5937
2127 9304278 1249
2128 9305527 1396
2129 9306923 3698
2130 9310621 2398
2131 9313019 2214
2132 9315233 3788
2133 9319021 4072
2134 9323093 940
2135 9324033 2949
2136 9326982 1151
2137 9328133 1795
2138 9329928 2014
2139 9331942 3138
2140 9335080 7155
2141 9342235 8624
2142 9350859 3978
2143 9354837 4009
2144 9358846 4639
2145 9363485 3915
2146 9367400 4642
2147 9372042 1169
2148 9373211 4228
2149 9377439 2720
2150 9380159 1728
2151 9381887 1090
2152 9382977 4052
2153 9387029 3888
2154 9390917 2902
2155 9393819 1302
2156 9395121 3178
2157 9398299 7703
2158 9406002 19086
2159 9425088 2209
2160 9427297 3797
2161 9431094 1659
2162 9432753 4265
2163 9437018 5133
2164 9442151 8866
2165 9451017 3156
2166 9454173 13389
2167 9467562 3757
2168 9471319 197
2169 9471516 6387
2170 9477903 8723
2171 9486626 5780
2172 9492406 2179
2173 9494585 4987
2174 9499572 1226
2175 9500798 3876
2176 9504674 6377
2177 9511051 1677
2178 9512728 3452
2179 9516180 2818
2180 9518998 6305
2181 9525303 5408
2182 9530711 1819
2183 9532530 6767
2184 9539297 3686
2185 9542983 10447
2186 9553430 6993
2187 9560423 4575
2188 9564998 3537
2189 9568535 6465
2190 9575000 9651
2191 9584651 1605
2192 9586256 2790
2193 9589046 2413
2194 9591459 4572
2195 9596031 8726
2196 9604757 1598
2197 9606355 4828
2198 9611183 1038
2199 9612221 1094
2200 9613315 6698
2201 9620013 2169
2202 9622182 1940
2203 9624122 6698
2204 9630820 6215
2205 9637035 3636
2206 9640671 639
2207 9641310 1845
2208 9643155 3089
2209 9646244 1266
2210 9647510 2309
2211 9649819 1121
2212 9650940 3488
2213 9654428 4120
2214 9658548 4336
2215 9662884 6296
2216 9669180 3763
2217 9672943 720
2218 9673663 4285
2219 9677948 4089
2220 9682037 545
2221 9682582 1007
2222 9683589 1592
2223 9685181 3663
2224 9688844 3597
2225 9692441 4812
2226 9697253 2706
2227 9699959 2087
2228 9702046 3139
2229 9705185 810
2230 9705995 7190
2231 9713185 955
2232 9714140 3156
2233 9717296 2393
2234 9719689 2682
2235 9722371 3414
2236 9725785 2558
2237 9728343 4079
2238 9732422 2050
2239 9734472 1870
2240 9736342 4444
2241 9740786 1431
2242 9742217 4433
2243 9746650 3890
2244 9750540 5689
2245 9756229 6673
2246 9762902 4539
2247 9767441 1809
2248 9769250 1278
2249 9770528 2857
2250 9773385 6452
2251 9779837 2547
2252 9782384 3456
2253 9785840 2285
2254 9788125 10508
2255 9798633 772
2256 9799405 9124
2257 9808529 6822
2258 9815351 2213
2259 9817564 2529
2260 9820093 2399
2261 9822492 2378
2262 9824870 1355
2263 9826225 1144
2264 9827369 2954
2265 9830323 10180
2266 9840503 1285
2267 9841788 3977
2268 9845765 1133
2269 9846898 465
2270 9847363 10804
2271 9858167 1844
2272 9860011 3372
2273 9863383 3351
2274 9866734 3591
2275 9870325 9701
2276 9880026 2193
2277 9882219 1120
2278 9883339 789
2279 9884128 1063
2280 9885191 1841
2281 9887032 8530
2282 9895562 3464
2283 9899026 6354
2284 9905380 4823
2285 9910203 5619
2286 9915822 1715
2287 9917537 5369
2288 9922906 1700
2289 9924606 1719
2290 9926325 6811
2291 9933136 2793
2292 9935929 1505
2293 9937434 2075
2294 9939509 2589
2295 9942098 2586
2296 9944684 3789
2297 9948473 2684
2298 9951157 2752
2299 9953909 1924
2300 9955833 2443
2301 9958276 7169
2302 9965445 1561
2303 9967006 1152
2304 9968158 1152
2305 9969310 1144
2306 9970454 1152
2307 9971606 1152
2308 9972758 1152
2309 9973910 1152
2310 9975062 1152
2311 9976214 1152
2312 9977366 795
2313 9978161 1127
2314 9979288 8087
2315 9987375 5553
2316 9992928 1327
2317 9994255 2011
2318 9996266 4762
2319 10001028 6792
2320 10007820 8193
2321 10016013 3923
2322 10019936 5497
2323 10025433 1251
2324 10026684 8863
2325 10035547 6023
2326 10041570 2067
2327 10043637 4462
2328 10048099 1949
2329 10050048 9311
2330 10059359 2407
2331 10061766 1275
2332 10063041 2928
2333 10065969 2162
2334 10068131 3019
2335 10071150 945
2336 10072095 2601
2337 10074696 1519
2338 10076215 3414
2339 10079629 1661
2340 10081290 6379
2341 10087669 2473
2342 10090142 2160
2343 10092302 5079
2344 10097381 8575
2345 10105956 5197
2346 10111153 1095
2347 10112248 1307
2348 10113555 1470
2349 10115025 2473
2350 10117498 2369
2351 10119867 1827
2352 10121694 3510
2353 10125204 2427
2354 10127631 3934
2355 10131565 3762
2356 10135327 444
2357 10135771 13394
2358 10149165 9611
2359 10158776 2469
2360 10161245 2091
2361 10163336 2439
2362 10165775 2663
2363 10168438 6390
2364 10174828 8005
2365 10182833 5237
2366 10188070 5955
2367 10194025 4567
2368 10198592 2503
2369 10201095 2491
2370 10203586 7422
2371 10211008 5413
2372 10216421 651
2373 10217072 2802
2374 10219874 3253
2375 10223127 1142
2376 10224269 1785
2377 10226054 1928
2378 10227982 644
2379 10228626 608
2380 10229234 2580
2381 10231814 2522
2382 10234336 1925
2383 10236261 5777
2384 10242038 2040
2385 10244078 3828
2386 10247906 8141
2387 10256047 4195
2388 10260242 2391
2389 10262633 1581
2390 10264214 3016
2391 10267230 1783
2392 10269013 8314
2393 10277327 1703
2394 10279030 2144
2395 10281174 1006
2396 10282180 5443
2397 10287623 1975
2398 10289598 1860
2399 10291458 1174
2400 10292632 1181
2401 10293813 6962
2402 10300775 3760
2403 10304535 2476
2404 10307011 2235
2405 10309246 3226
2406 10312472 2591
2407 10315063 30046
2408 10345109 1100
2409 10346209 1750
2410 10347959 5113
2411 10353072 1254
2412 10354326 1654
2413 10355980 1735
2414 10357715 2414
2415 10360129 1682
2416 10361811 1586
2417 10363397 2643
2418 10366040 4668
2419 10370708 1788
2420 10372496 959
2421 10373455 1498
2422 10374953 2058
2423 10377011 1532
2424 10378543 1804
2425 10380347 1292
2426 10381639 1911
2427 10383550 1627
2428 10385177 864
2429 10386041 2722
2430 10388763 1879
2431 10390642 6159
2432 10396801 2733
2433 10399534 1408
2434 10400942 1210
2435 10402152 2692
2436 10404844 1461
2437 10406305 2321
2438 10408626 1472
2439 10410098 1344
2440 10411442 2196
2441 10413638 1525
2442 10415163 1720
2443 10416883 5224
2444 10422107 2592
2445 10424699 5614
2446 10430313 1680
2447 10431993 1302
2448 10433295 2975
2449 10436270 1607
2450 10437877 2795
2451 10440672 1299
2452 10441971 866
2453 10442837 1613
2454 10444450 4001
2455 10448451 3242
2456 10451693 2991
2457 10454684 3363
2458 10458047 2718
2459 10460765 1413
2460 10462178 1376
2461 10463554 890
2462 10464444 2171
2463 10466615 1633
2464 10468248 1096
2465 10469344 3330
2466 10472674 3207
2467 10475881 3784
2468 10479665 1760
2469 10481425 4878
2470 10486303 3870
2471 10490173 1773
2472 10491946 1791
2473 10493737 975
2474 10494712 1276
2475 10495988 991
2476 10496979 1168
2477 10498147 5092
2478 10503239 2287
2479 10505526 1861
2480 10507387 1135
2481 10508522 1298
2482 10509820 1244
2483 10511064 4189
2484 10515253 1512
2485 10516765 2695
2486 10519460 2147
2487 10521607 1105
2488 10522712 1840
2489 10524552 5005
2490 10529557 2344
2491 10531901 2004
2492 10533905 3124
2493 10537029 6327
2494 10543356 991
2495 10544347 6648
2496 10550995 945
2497 10551940 1155
2498 10553095 796
2499 10553891 6320
2500 10560211 2852
2501 10563063 5086
2502 10568149 9077
2503 10577226 7362
2504 10584588 5498
2505 10590086 1517
2506 10591603 649
2507 10592252 3292
2508 10595544 9178
2509 10604722 2887
2510 10607609 2225
2511 10609834 5722
2512 10615556 1308
2513 10616864 4420
2514 10621284 700
2515 10621984 2561
2516 10624545 1143
2517 10625688 2525
2518 10628213 4369
2519 10632582 2934
2520 10635516 5439
2521 10640955 5873
2522 10646828 4472
2523 10651300 2769
2524 10654069 2075
2525 10656144 815
2526 10656959 2646
2527 10659605 955
2528 10660560 1815
2529 10662375 1742
2530 10664117 7480
2531 10671597 1214
2532 10672811 2234
2533 10675045 1401
2534 10676446 590
2535 10677036 5011
2536 10682047 6129
2537 10688176 11631
2538 10699807 1225
2539 10701032 2350
2540 10703382 1037
2541 10704419 2190
2542 10706609 5194
2543 10711803 2448
2544 10714251 3030
2545 10717281 20087
2546 10737368 2856
2547 10740224 1620
2548 10741844 2254
2549 10744098 1771
2550 10745869 1468
2551 10747337 7358
2552 10754695 4610
2553 10759305 12598
2554 10771903 2420
2555 10774323 1830
2556 10776153 1453
2557 10777606 3116
2558 10780722 1386
2559 10782108 3888
2560 10785996 1111
2561 10787107 1138
2562 10788245 1344
2563 10789589 2393
2564 10791982 1967
2565 10793949 2368
2566 10796317 3473
2567 10799790 207
2568 10799997 978
2569 10800975 7327
2570 10808302 5217
2571 10813519 6577
2572 10820096 4441
2573 10824537 3706
2574 10828243 2757
2575 10831000 30930
2576 10861930 3969
2577 10865899 5294
2578 10871193 2852
2579 10874045 1972
2580 10876017 4750
2581 10880767 1233
2582 10882000 2569
2583 10884569 5673
2584 10890242 2557
2585 10892799 8587
2586 10901386 7410
2587 10908796 2424
2588 10911220 1468
2589 10912688 1648
2590 10914336 2681
2591 10917017 2589
2592 10919606 2260
2593 10921866 3071
2594 10924937 2077
2595 10927014 2995
2596 10930009 6963
2597 10936972 6369
2598 10943341 6901
2599 10950242 6780
2600 10957022 3952
2601 10960974 8133
2602 10969107 7794
2603 10976901 3124
2604 10980025 1807
2605 10981832 2991
2606 10984823 1623
2607 10986446 3033
2608 10989479 3444
2609 10992923 1868
2610 10994791 1535
2611 10996326 4779
2612 11001105 1752
2613 11002857 1526
2614 11004383 2472
2615 11006855 3623
2616 11010478 2071
2617 11012549 1466
2618 11014015 2819
2619 11016834 7825
2620 11024659 3340
2621 11027999 3633
2622 11031632 8882
2623 11040514 3741
2624 11044255 2832
2625 11047087 2209
2626 11049296 3575
2627 11052871 3502
2628 11056373 2078
2629 11058451 1607
2630 11060058 1801
2631 11061859 6367
2632 11068226 3206
2633 11071432 2242
2634 11073674 1867
2635 11075541 3429
2636 11078970 5511
2637 11084481 2012
2638 11086493 4157
2639 11090650 2721
2640 11093371 3764
2641 11097135 1753
2642 11098888 1544
2643 11100432 1553
2644 11101985 1625
2645 11103610 3655
2646 11107265 3967
2647 11111232 2386
2648 11113618 2400
2649 11116018 2594
2650 11118612 2377
2651 11120989 2539
2652 11123528 23258
2653 11146786 3219
2654 11150005 3621
2655 11153626 6323
2656 11159949 3092
2657 11163041 3300
2658 11166341 3413
2659 11169754 5240
2660 11174994 1615
2661 11176609 2592
2662 11179201 3422
2663 11182623 2453
2664 11185076 1081
2665 11186157 2364
2666 11188521 5084
2667 11193605 4228
2668 11197833 3019
2669 11200852 3778
2670 11204630 5421
2671 11210051 2528
2672 11212579 3790
2673 11216369 5315
2674 11221684 1443
2675 11223127 1215
2676 11224342 2045
2677 11226387 7444
2678 11233831 3330
2679 11237161 9662
2680 11246823 1863
2681 11248686 3197
2682 11251883 9548
2683 11261431 3472
2684 11264903 8388
2685 11273291 1736
2686 11275027 1075
2687 11276102 1488
2688 11277590 1065
2689 11278655 5370
2690 11284025 5002
2691 11289027 2161
2692 11291188 1748
2693 11292936 4026
2694 11296962 2266
2695 11299228 7680
2696 11306908 1325
2697 11308233 1484
2698 11309717 4289
2699 11314006 1273
2700 11315279 1241
2701 11316520 1418
2702 11317938 1695
2703 11319633 5193
2704 11324826 2532
2705 11327358 1382
2706 11328740 3191
2707 11331931 3838
2708 11335769 9585
2709 11345354 3794
2710 11349148 1575
2711 11350723 2122
2712 11352845 7041
2713 11359886 1873
2714 11361759 7371
2715 11369130 3395
2716 11372525 1928
2717 11374453 12896
2718 11387349 5260
2719 11392609 4685
2720 11397294 1384
2721 11398678 2482
2722 11401160 2161
2723 11403321 3614
2724 11406935 11053
2725 11417988 1177
2726 11419165 679
2727 11419844 4767
2728 11424611 2048
2729 11426659 1302
2730 11427961 909
2731 11428870 3123
2732 11431993 1902
2733 11433895 2885
2734 11436780 978
2735 11437758 1328
2736 11439086 1363
2737 11440449 535
2738 11440984 3979
2739 11444963 4628
2740 11449591 4965
2741 11454556 3252
2742 11457808 2218
2743 11460026 867
2744 11460893 1252
2745 11462145 5692
2746 11467837 1598
2747 11469435 775
2748 11470210 12986
2749 11483196 561
2750 11483757 2479
2751 11486236 2330
2752 11488566 2695
2753 11491261 1657
2754 11492918 629
2755 11493547 2168
2756 11495715 2204
2757 11497919 2208
2758 11500127 2331
2759 11502458 2143
2760 11504601 489
2761 11505090 2436
2762 11507526 1241
2763 11508767 3109
2764 11511876 1567
2765 11513443 714
2766 11514157 1052
2767 11515209 2818
2768 11518027 2707
2769 11520734 1251
2770 11521985 1107
2771 11523092 862
2772 11523954 982
2773 11524936 997
2774 11525933 2361
2775 11528294 1745
2776 11530039 1154
2777 11531193 904
2778 11532097 1135
2779 11533232 1359
2780 11534591 1000
2781 11535591 1951
2782 11537542 2627
2783 11540169 1277
2784 11541446 2744
2785 11544190 2820
2786 11547010 3001
2787 11550011 1064
2788 11551075 3629
2789 11554704 2547
2790 11557251 4298
2791 11561549 3334
2792 11564883 5885
2793 11570768 3303
2794 11574071 924
2795 11574995 2331
2796 11577326 4631
2797 11581957 2316
2798 11584273 798
2799 11585071 5809
2800 11590880 1238
2801 11592118 6019
2802 11598137 878
2803 11599015 1622
2804 11600637 877
2805 11601514 3278
2806 11604792 6421
2807 11611213 830
2808 11612043 3424
2809 11615467 4041
2810 11619508 1251
2811 11620759 1085
2812 11621844 1806
2813 11623650 1539
2814 11625189 2501
2815 11627690 2500
2816 11630190 1752
2817 11631942 1383
2818 11633325 2914
2819 11636239 2441
2820 11638680 1572
2821 11640252 1865
2822 11642117 1085
2823 11643202 955
2824 11644157 3368
2825 11647525 1962
2826 11649487 1933
2827 11651420 2228
2828 11653648 1958
2829 11655606 3128
2830 11658734 1798
2831 11660532 3201
2832 11663733 3805
2833 11667538 521
2834 11668059 1109
2835 11669168 814
2836 11669982 2572
2837 11672554 1061
2838 11673615 2284
2839 11675899 1866
2840 11677765 1428
2841 11679193 728
2842 11679921 1681
2843 11681602 2542
2844 11684144 1570
2845 11685714 2290
2846 11688004 2393
2847 11690397 2253
2848 11692650 1071
2849 11693721 2524
2850 11696245 1430
2851 11697675 4190
2852 11701865 1794
2853 11703659 2253
2854 11705912 4217
2855 11710129 541
2856 11710670 834
2857 11711504 2568
2858 11714072 4243
2859 11718315 3562
2860 11721877 908
2861 11722785 4084
2862 11726869 3518
2863 11730387 1225
2864 11731612 2399
2865 11734011 2658
2866 11736669 5137
2867 11741806 7830
2868 11749636 5324
2869 11754960 11013
2870 11765973 1838
2871 11767811 7273
2872 11775084 3694
2873 11778778 7932
2874 11786710 484
2875 11787194 5219
2876 11792413 2500
2877 11794913 3885
2878 11798798 755
2879 11799553 877
2880 11800430 5678
2881 11806108 1490
2882 11807598 2144
2883 11809742 2624
2884 11812366 3672
2885 11816038 3276
2886 11819314 2092
2887 11821406 10148
2888 11831554 3170
2889 11834724 3459
2890 11838183 5320
2891 11843503 3769
2892 11847272 6254
2893 11853526 9862
2894 11863388 2081
2895 11865469 1637
2896 11867106 3129
2897 11870235 5586
2898 11875821 1988
2899 11877809 4400
2900 11882209 9459
2901 11891668 2587
2902 11894255 1809
2903 11896064 1511
2904 11897575 2897
2905 11900472 8565
2906 11909037 7781
2907 11916818 5312
2908 11922130 3047
2909 11925177 7130
2910 11932307 1200
2911 11933507 2594
2912 11936101 1954
2913 11938055 530
2914 11938585 5887
2915 11944472 523
2916 11944995 2079
2917 11947074 5886
2918 11952960 2524
2919 11955484 8945
2920 11964429 3620
2921 11968049 3897
2922 11971946 3044
2923 11974990 8960
2924 11983950 4044
2925 11987994 3397
2926 11991391 3642
2927 11995033 1471
2928 11996504 4486
2929 12000990 1026
2930 12002016 1780
2931 12003796 5600
2932 12009396 2099
2933 12011495 1800
2934 12013295 15858
2935 12029153 5937
2936 12035090 2258
2937 12037348 2622
2938 12039970 5407
2939 12045377 3926
2940 12049303 13775
2941 12063078 3830
2942 12066908 1853
2943 12068761 3643
2944 12072404 6598
2945 12079002 2965
2946 12081967 569
2947 12082536 4694
2948 12087230 4560
2949 12091790 2714
2950 12094504 4747
2951 12099251 2162
2952 12101413 744
2953 12102157 1483
2954 12103640 3268
2955 12106908 1207
2956 12108115 1783
2957 12109898 4560
2958 12114458 1086
2959 12115544 4227
2960 12119771 1830
2961 12121601 2152
2962 12123753 216
2963 12123969 4962
2964 12128931 2636
2965 12131567 2606
2966 12134173 366
2967 12134539 1532
2968 12136071 1505
2969 12137576 2194
2970 12139770 1498
2971 12141268 1086
2972 12142354 2672
2973 12145026 1020
2974 12146046 334
2975 12146380 4582
2976 12150962 1289
2977 12152251 898
2978 12153149 3923
2979 12157072 1345
2980 12158417 3133
2981 12161550 2628
2982 12164178 541
2983 12164719 1294
2984 12166013 1243
2985 12167256 2503
2986 12169759 1202
2987 12170961 595
2988 12171556 1340
2989 12172896 7420
2990 12180316 3873
2991 12184189 3720
2992 12187909 3472
2993 12191381 7014
2994 12198395 4927
2995 12203322 1665
2996 12204987 2042
2997 12207029 1347
2998 12208376 511
2999 12208887 1360
3000 12210247 2302
3001 12212549 4497
3002 12217046 1543
3003 12218589 11563
3004 12230152 2058
3005 12232210 821
3006 12233031 923
3007 12233954 1064
3008 12235018 1829
3009 12236847 720
3010 12237567 11576
3011 12249143 1787
3012 12250930 2969
3013 12253899 3750
3014 12257649 954
3015 12258603 2214
3016 12260817 1233
3017 12262050 4767
3018 12266817 315
3019 12267132 7060
3020 12274192 1047
3021 12275239 1786
3022 12277025 2571
3023 12279596 1489
3024 12281085 1250
3025 12282335 6684
3026 12289019 3544
3027 12292563 1011
3028 12293574 3539
3029 12297113 1657
3030 12298770 3000
3031 12301770 1324
3032 12303094 513
3033 12303607 780
3034 12304387 4841
3035 12309228 1238
3036 12310466 6451
3037 12316917 2696
3038 12319613 448
3039 12320061 4247
3040 12324308 525
3041 12324833 1491
3042 12326324 2130
3043 12328454 2800
3044 12331254 3180
3045 12334434 1380
3046 12335814 1538
3047 12337352 1140
3048 12338492 1455
3049 12339947 2354
3050 12342301 595
3051 12342896 7405
3052 12350301 1298
3053 12351599 9078
3054 12360677 11267
3055 12371944 9252
3056 12381196 16007
3057 12397203 8754
3058 12405957 8446
3059 12414403 7381
3060 12421784 11292
3061 12433076 13555
3062 12446631 5483
3063 12452114 491
3064 12452605 831
3065 12453436 3195
3066 12456631 7341
3067 12463972 538
3068 12464510 3458
3069 12467968 2102
3070 12470070 9168
3071 12479238 8022
3072 12487260 8565
3073 12495825 4690
3074 12500515 2688
3075 12503203 5079
3076 12508282 3406
3077 12511688 678
3078 12512366 1051
3079 12513417 1639
3080 12515056 6677
3081 12521733 1347
3082 12523080 11450
3083 12534530 6347
3084 12540877 4438
3085 12545315 25805
3086 12571120 3749
3087 12574869 5142
3088 12580011 8405
3089 12588416 9772
3090 12598188 4632
3091 12602820 6372
3092 12609192 9598
3093 12618790 4691
3094 12623481 10959
3095 12634440 6273
3096 12640713 5110
3097 12645823 1756
3098 12647579 3815
3099 12651394 4766
3100 12656160 10717
3101 12666877 9915
3102 12676792 6849
3103 12683641 6110
3104 12689751 6588
3105 12696339 5806
3106 12702145 4099
3107 12706244 3908
3108 12710152 3504
3109 12713656 3843
3110 12717499 3333
3111 12720832 12277
3112 12733109 12844
3113 12745953 4230
3114 12750183 2862
3115 12753045 5573
3116 12758618 15919
3117 12774537 4294
3118 12778831 718
3119 12779549 1203
3120 12780752 4411
3121 12785163 4385
3122 12789548 2090
3123 12791638 13039
3124 12804677 6708
3125 12811385 8835
3126 12820220 7748
3127 12827968 10699
3128 12838667 215
3129 12838882 7006
3130 12845888 8949
3131 12854837 2343
3132 12857180 8165
3133 12865345 8297
3134 12873642 5758
3135 12879400 10269
3136 12889669 2548
3137 12892217 13745
3138 12905962 4688
3139 12910650 530
3140 12911180 1534
3141 12912714 3089
3142 12915803 3343
3143 12919146 3694
3144 12922840 6360
3145 12929200 1491
3146 12930691 2688
3147 12933379 2097
3148 12935476 3112
3149 12938588 1606
3150 12940194 8518
3151 12948712 3507
3152 12952219 3394
3153 12955613 1369
3154 12956982 7919
3155 12964901 8203
3156 12973104 8640
3157 12981744 5689
3158 12987433 7422
3159 12994855 7085
3160 13001940 5494
3161 13007434 1798
3162 13009232 6427
3163 13015659 9039
3164 13024698 3867
3165 13028565 4596
3166 13033161 2730
3167 13035891 2400
3168 13038291 3864
3169 13042155 4812
3170 13046967 4265
3171 13051232 3250
3172 13054482 7055
3173 13061537 8578
3174 13070115 8491
3175 13078606 648
3176 13079254 4192
3177 13083446 8138
3178 13091584 8339
3179 13099923 5410
3180 13105333 2415
3181 13107748 7600
3182 13115348 6644
3183 13121992 3464
3184 13125456 2901
3185 13128357 1061
3186 13129418 3055
3187 13132473 10602
3188 13143075 7565
3189 13150640 7618
3190 13158258 1042
3191 13159300 2970
3192 13162270 1795
3193 13164065 8029
3194 13172094 6943
3195 13179037 4063
3196 13183100 1033
3197 13184133 9581
3198 13193714 9632
3199 13203346 2707
3200 13206053 3795
3201 13209848 14784
3202 13224632 3046
3203 13227678 4457
3204 13232135 6500
3205 13238635 3867
3206 13242502 1860
3207 13244362 3387
3208 13247749 2241
3209 13249990 1107
3210 13251097 1364
3211 13252461 3996
3212 13256457 991
3213 13257448 3487
3214 13260935 3301
3215 13264236 3676
3216 13267912 3277
3217 13271189 2465
3218 13273654 987
3219 13274641 1262
3220 13275903 8067
3221 13283970 7013
3222 13290983 4484
3223 13295467 7298
3224 13302765 996
3225 13303761 3330
3226 13307091 9071
3227 13316162 2148
3228 13318310 6296
3229 13324606 6287
3230 13330893 1143
3231 13332036 831
3232 13332867 6801
3233 13339668 3582
3234 13343250 2681
3235 13345931 1024
3236 13346955 208
3237 13347163 170
3238 13347333 198
3239 13347531 170
3240 13347701 4108
3241 13351809 12672
3242 13364481 16854
3243 13381335 12217
3244 13393552 22490
3245 13416042 43484
3246 13459526 183
3247 13459709 15785
3248 13475494 28277
3249 13503771 12330
3250 13516101 224
3251 13516325 170
3252 13516495 3907
3253 13520402 164
3254 13520566 33596
3255 13554162 2391
3256 13556553 2274
3257 13558827 15049
3258 13573876 10942
3259 13584818 7813
3260 13592631 9426
3261 13602057 2474
3262 13604531 6065
3263 13610596 8340
3264 13618936 185
3265 13619121 14032
3266 13633153 13311
3267 13646464 28281
3268 13674745 173
3269 13674918 15766
3270 13690684 213
3271 13690897 13727
3272 13704624 214
3273 13704838 25067
3274 13729905 360
3275 13730265 185
3276 13730450 30121
3277 13760571 6914
3278 13767485 22039
3279 13789524 4190
3280 13793714 5562
3281 13799276 3453
3282 13802729 4296
3283 13807025 4078
3284 13811103 6571
3285 13817674 3807
3286 13821481 5533
3287 13827014 3426
3288 13830440 4506
3289 13834946 210
3290 13835156 2857
3291 13838013 16268
3292 13854281 4104
3293 13858385 12979
3294 13871364 12336
3295 13883700 22427
3296 13906127 63852
3297 13969979 214
3298 13970193 94234
3299 14064427 28297
3300 14092724 204
3301 14092928 14120
3302 14107048 13204
3303 14120252 28307
3304 14148559 219
3305 14148778 25072
3306 14173850 172
3307 14174022 30001
3308 14204023 28280
3309 14232303 172
3310 14232475 190
3311 14232665 183
3312 14232848 3705
3313 14236553 10049
3314 14246602 16866
3315 14263468 12224
3316 14275692 17171
3317 14292863 215
3318 14293078 93883
3319 14386961 28277
3320 14415238 201
3321 14415439 307
3322 14415746 327
3323 14416073 184
3324 14416257 14060
3325 14430317 13343
3326 14443660 210
3327 14443870 280
3328 14444150 316
3329 14444466 1733
3330 14446199 172
3331 14446371 261
3332 14446632 28280
3333 14474912 192
3334 14475104 10177
3335 14485281 235
3336 14485516 55713
3337 14541229 10361
3338 14551590 5392
3339 14556982 8896
3340 14565878 7654
3341 14573532 6482
3342 14580014 181
3343 14580195 94256
3344 14674451 7088
3345 14681539 212
3346 14681751 194
3347 14681945 5505
3348 14687450 5370
3349 14692820 6897
3350 14699717 204
3351 14699921 186
3352 14700107 9676
3353 14709783 190
3354 14709973 11861
3355 14721834 6877
3356 14728711 5316
3357 14734027 6607
3358 14740634 3934
3359 14744568 5024
3360 14749592 6905
3361 14756497 4235
3362 14760732 8222
3363 14768954 5039
3364 14773993 4542
3365 14778535 17413
3366 14795948 198
3367 14796146 3175
3368 14799321 7985
3369 14807306 3782
3370 14811088 5441
3371 14816529 10487
3372 14827016 7486
3373 14834502 8422
3374 14842924 24890
3375 14867814 185
3376 14867999 15695
3377 14883694 192
3378 14883886 5532
3379 14889418 5231
3380 14894649 3518
3381 14898167 6920
3382 14905087 3511
3383 14908598 2972
3384 14911570 214
3385 14911784 10253
3386 14922037 15079
3387 14937116 170
3388 14937286 11906
3389 14949192 13925
3390 14963117 14230
3391 14977347 171
3392 14977518 5046
3393 14982564 209
3394 14982773 183
3395 14982956 183
3396 14983139 3698
3397 14986837 5330
3398 14992167 10077
3399 15002244 8565
3400 15010809 184
3401 15010993 6876
3402 15017869 5533
3403 15023402 186
3404 15023588 5550
3405 15029138 6904
3406 15036042 214
3407 15036256 9992
3408 15046248 182
3409 15046430 11850
3410 15058280 6869
3411 15065149 209
3412 15065358 183
3413 15065541 164
3414 15065705 183
3415 15065888 3815
3416 15069703 5324
3417 15075027 7522
3418 15082549 8413
3419 15090962 17215
3420 15108177 184
3421 15108361 6911
3422 15115272 207
3423 15115479 5649
3424 15121128 5324
3425 15126452 6913
3426 15133365 276
3427 15133641 9401
3428 15143042 171
3429 15143213 16379
3430 15159592 211
3431 15159803 6882
3432 15166685 164
3433 15166849 11846
3434 15178695 6890
3435 15185585 186
3436 15185771 204
3437 15185975 186
3438 15186161 198
3439 15186359 180
3440 15186539 186
3441 15186725 183
3442 15186908 198
3443 15187106 192
3444 15187298 17396
3445 15204694 183
3446 15204877 15783
3447 15220660 213
3448 15220873 3404
3449 15224277 8079
3450 15232356 3656
3451 15236012 5461
3452 15241473 10064
3453 15251537 7569
3454 15259106 8447
3455 15267553 23804
3456 15291357 181
3457 15291538 5591
3458 15297129 5259
3459 15302388 6878
3460 15309266 7002
3461 15316268 213
3462 15316481 9199
3463 15325680 11926
3464 15337606 191
3465 15337797 185
3466 15337982 11767
3467 15349749 192
3468 15349941 183
3469 15350124 3641
3470 15353765 5326
3471 15359091 7537
3472 15366628 17702
3473 15384330 177
3474 15384507 15772
3475 15400279 6869
3476 15407148 5626
3477 15412774 5220
3478 15417994 223
3479 15418217 204
3480 15418421 171
3481 15418592 6872
3482 15425464 169
3483 15425633 190
3484 15425823 176
3485 15425999 158
3486 15426157 208
3487 15426365 3662
3488 15430027 5548
3489 15435575 10145
3490 15445720 7438
3491 15453158 8300
3492 15461458 17205
3493 15478663 6858
3494 15485521 15771
3495 15501292 9215
3496 15510507 223
3497 15510730 203
3498 15510933 5268
3499 15516201 194
3500 15516395 6869
3501 15523264 181
3502 15523445 211
3503 15523656 6869
3504 15530525 231
3505 15530756 185
3506 15530941 205
3507 15531146 6852
3508 15537998 5885
3509 15543883 3874
3510 15547757 4742
3511 15552499 3626
3512 15556125 5074
3513 15561199 17439
3514 15578638 3424
3515 15582062 3845
3516 15585907 10052
3517 15595959 8351
3518 15604310 171
3519 15604481 188
3520 15604669 5911
3521 15610580 10634
3522 15621214 186
3523 15621400 7100
3524 15628500 5650
3525 15634150 5275
3526 15639425 3669
3527 15643094 6908
3528 15650002 9926
3529 15659928 171
3530 15660099 11933
3531 15672032 232
3532 15672264 158
3533 15672422 222
3534 15672644 158
3535 15672802 5583
3536 15678385 10088
3537 15688473 8347
3538 15696820 17576
3539 15714396 15861
3540 15730257 189
3541 15730446 5674
3542 15736120 6931
3543 15743051 173
3544 15743224 176
3545 15743400 9150
3546 15752550 171
3547 15752721 6939
3548 15759660 218
3549 15759878 225
3550 15760103 177
3551 15760280 15840
3552 15776120 185
3553 15776305 195
3554 15776500 6173
3555 15782673 5826
3556 15788499 208
3557 15788707 3551
3558 15792258 5515
3559 15797773 7555
3560 15805328 8312
3561 15813640 16874
3562 15830514 7192
3563 15837706 5656
3564 15843362 7199
3565 15850561 242
3566 15850803 14990
3567 15865793 3310
3568 15869103 6583
3569 15875686 213
3570 15875899 171
3571 15876070 11991
3572 15888061 180
3573 15888241 7167
3574 15895408 182
3575 15895590 4321
3576 15899911 3300
3577 15903211 4817
3578 15908028 3943
3579 15911971 4746
3580 15916717 5735
3581 15922452 210
3582 15922662 2755
3583 15925417 5751
3584 15931168 10104
3585 15941272 8469
3586 15949741 184
3587 15949925 7196
3588 15957121 185
3589 15957306 5154
3590 15962460 234
3591 15962694 10348
3592 15973042 11811
3593 15984853 15255
3594 16000108 210
3595 16000318 216
3596 16000534 2569
3597 16003103 9241
3598 16012344 7756
3599 16020100 190
3600 16020290 7159
3601 16027449 200
3602 16027649 5524
3603 16033173 7167
3604 16040340 200
3605 16040540 183
3606 16040723 261
3607 16040984 9585
3608 16050569 205
3609 16050774 57128
3610 16107902 196
3611 16108098 223
3612 16108321 7208
3613 16115529 5076
3614 16120605 5037
3615 16125642 7209
3616 16132851 193
3617 16133044 13175
3618 16146219 230
3619 16146449 10385
3620 16156834 184
3621 16157018 7173
3622 16164191 194
3623 16164385 182
3624 16164567 3235
3625 16167802 6828
3626 16174630 4806
3627 16179436 5751
3628 16185187 7629
3629 16192816 5382
3630 16198198 7499
3631 16205697 3541
3632 16209238 791
3633 16210029 2948
3634 16212977 9688
3635 16222665 2200
3636 16224865 3175
3637 16228040 2110
3638 16230150 2291
3639 16232441 27052
3640 16259493 1904
3641 16261397 5384
3642 16266781 2511
3643 16269292 4786
3644 16274078 3390
3645 16277468 15498
3646 16292966 3607
3647 16296573 10167
3648 16306740 1692
3649 16308432 1513
3650 16309945 10970
3651 16320915 3866
3652 16324781 1320
3653 16326101 678
3654 16326779 4663
3655 16331442 1965
3656 16333407 6285
3657 16339692 1986
3658 16341678 2982
3659 16344660 2952
3660 16347612 7524
3661 16355136 1710
3662 16356846 2605
3663 16359451 1712
3664 16361163 1614
3665 16362777 7628
3666 16370405 3051
3667 16373456 1913
3668 16375369 8199
3669 16383568 3221
3670 16386789 591
3671 16387380 5137
3672 16392517 935
3673 16393452 4382
3674 16397834 2919
3675 16400753 5640
3676 16406393 7368
3677 16413761 1138
3678 16414899 1361
3679 16416260 3307
3680 16419567 4890
3681 16424457 6093
3682 16430550 1722
3683 16432272 9311
3684 16441583 1385
3685 16442968 1407
3686 16444375 4647
3687 16449022 9782
3688 16458804 3491
3689 16462295 9611
3690 16471906 7910
3691 16479816 3811
3692 16483627 5413
3693 16489040 1314
3694 16490354 1106
3695 16491460 1327
3696 16492787 5245
3697 16498032 2512
3698 16500544 3099
3699 16503643 6884
3700 16510527 6216
3701 16516743 9214
3702 16525957 11707
3703 16537664 6512
3704 16544176 5827
3705 16550003 10040
3706 16560043 199
3707 16560242 260
3708 16560502 221
3709 16560723 244
3710 16560967 5988
3711 16566955 4945
3712 16571900 5514
3713 16577414 2000
3714 16579414 2327
3715 16581741 1424
3716 16583165 1569
3717 16584734 3465
3718 16588199 15283
3719 16603482 7978
3720 16611460 3684
3721 16615144 3434
3722 16618578 2560
3723 16621138 3694
3724 16624832 2765
3725 16627597 9371
3726 16636968 185
3727 16637153 4981
3728 16642134 1702
3729 16643836 2880
3730 16646716 8173
3731 16654889 7524
3732 16662413 9755
3733 16672168 956
3734 16673124 4137
3735 16677261 1029
3736 16678290 15097
3737 16693387 6514
3738 16699901 3502
3739 16703403 4797
3740 16708200 503
3741 16708703 7795
3742 16716498 3633
3743 16720131 1217
3744 16721348 2149
3745 16723497 199
3746 16723696 254
3747 16723950 11867
3748 16735817 5361
3749 16741178 5904
3750 16747082 1770
3751 16748852 1054
3752 16749906 1511
3753 16751417 6418
3754 16757835 1634
3755 16759469 3780
3756 16763249 3764
3757 16767013 2057
3758 16769070 2527
3759 16771597 3453
3760 16775050 2534
3761 16777584 8414
3762 16785998 4491
3763 16790489 1550
3764 16792039 4502
3765 16796541 1198
3766 16797739 1496
3767 16799235 2196
3768 16801431 8896
3769 16810327 4041
3770 16814368 2070
3771 16816438 4477
3772 16820915 1944
3773 16822859 8193
3774 16831052 6861
3775 16837913 8222
3776 16846135 8523
3777 16854658 6762
3778 16861420 7559
3779 16868979 1387
3780 16870366 2170
3781 16872536 835
3782 16873371 2150
3783 16875521 4241
3784 16879762 5255
3785 16885017 5487
3786 16890504 4710
3787 16895214 9543
3788 16904757 3790
3789 16908547 1443
3790 16909990 1376
3791 16911366 9097
3792 16920463 314
3793 16920777 786
3794 16921563 12571
3795 16934134 4096
3796 16938230 5018
3797 16943248 4481
3798 16947729 2235
3799 16949964 5382
3800 16955346 3128
3801 16958474 1699
3802 16960173 8109
3803 16968282 3707
3804 16971989 3300
3805 16975289 4330
3806 16979619 947
3807 16980566 6283
3808 16986849 5699
3809 16992548 933
3810 16993481 694
3811 16994175 8079
3812 17002254 4380
3813 17006634 8930
3814 17015564 1377
3815 17016941 5001
3816 17021942 4723
3817 17026665 3609
3818 17030274 3056
3819 17033330 4107
3820 17037437 4042
3821 17041479 7538
3822 17049017 5446
3823 17054463 5297
3824 17059760 10547
3825 17070307 3789
3826 17074096 4734
3827 17078830 4832
3828 17083662 6732
3829 17090394 4685
3830 17095079 8959
3831 17104038 5489
3832 17109527 7450
3833 17116977 5654
3834 17122631 4471
3835 17127102 4324
3836 17131426 5352
3837 17136778 4015
3838 17140793 19878
3839 17160671 6339
3840 17167010 4684
3841 17171694 3487
3842 17175181 3474
3843 17178655 11922
3844 17190577 8225
3845 17198802 7869
3846 17206671 8009
3847 17214680 7316
3848 17221996 5258
3849 17227254 16455
3850 17243709 9455
3851 17253164 4203
3852 17257367 4037
3853 17261404 10515
3854 17271919 5561
3855 17277480 3169
3856 17280649 3927
3857 17284576 3319
3858 17287895 3424
3859 17291319 4814
3860 17296133 3405
3861 17299538 11481
3862 17311019 7883
3863 17318902 5461
3864 17324363 1236
3865 17325599 2877
3866 17328476 3672
3867 17332148 19783
3868 17351931 4358
3869 17356289 3528
3870 17359817 12571
3871 17372388 25793
3872 17398181 7101
3873 17405282 5954
3874 17411236 23597
3875 17434833 2816
